18
C0-H0__MH682141       0.0000000 0.3643039 0.3487772 0.3480302 0.3516952 0.3573805 0.3547760 0.3512344 0.3515978 0.3545256 0.3631873 0.3392586 0.3476020 0.3514235 0.3895597 0.3845974 0.3883823 0.3868739 
C8-H28_Rhodope_sp     0.3643039 0.0000000 0.1273509 0.1262008 0.1308595 0.1367813 0.1320355 0.1467711 0.1523355 0.1578103 0.1425129 0.0908082 0.0772855 0.0744081 0.3159494 0.3286678 0.3279509 0.3271300 
C5-H4__NC_008833      0.3487772 0.1273509 0.0000000 0.0012443 0.0091337 0.0095391 0.0086788 0.1701825 0.1784097 0.1852096 0.1639817 0.1260037 0.1182981 0.1197836 0.3205734 0.3371422 0.3378315 0.3379865 
C5-H26_Helminthope_sp 0.3480302 0.1262008 0.0012443 0.0000000 0.0087016 0.0091054 0.0082466 0.1697072 0.1770911 0.1838777 0.1626142 0.1255963 0.1175643 0.1190448 0.3206826 0.3367469 0.3374351 0.3375905 
C5-H9__LC460472       0.3516952 0.1308595 0.0091337 0.0087016 0.0000000 0.0020569 0.0012330 0.1728613 0.1815101 0.1877549 0.1657844 0.1300836 0.1212501 0.1229175 0.3329480 0.3451244 0.3458221 0.3454259 
C5-H15__NC_015309     0.3573805 0.1367813 0.0095391 0.0091054 0.0020569 0.0000000 0.0012275 0.1759534 0.1836404 0.1911190 0.1690222 0.1310759 0.1242630 0.1252249 0.3390396 0.3510618 0.3517669 0.3513583 
C5-H13                0.3547760 0.1320355 0.0086788 0.0082466 0.0012330 0.0012275 0.0000000 0.1740900 0.1821284 0.1884288 0.1674256 0.1296981 0.1219971 0.1226529 0.3379886 0.3475983 0.3482987 0.3478975 
C3-H6_Helminthope_sp  0.3512344 0.1467711 0.1701825 0.1697072 0.1728613 0.1759534 0.1740900 0.0000000 0.0506921 0.0459013 0.1442689 0.1185599 0.1417900 0.1459229 0.2755940 0.2796752 0.2771994 0.2791289 
C3-H23_MT957399       0.3515978 0.1523355 0.1784097 0.1770911 0.1815101 0.1836404 0.1821284 0.0506921 0.0000000 0.0307709 0.1367158 0.1168339 0.1392665 0.1412877 0.2810286 0.2837629 0.2805798 0.2776712 
C3-H8__NC_008832      0.3545256 0.1578103 0.1852096 0.1838777 0.1877549 0.1911190 0.1884288 0.0459013 0.0307709 0.0000000 0.1421914 0.1249442 0.1396295 0.1511891 0.2810483 0.2827454 0.2836510 0.2819791 
C6-H11__LC460469      0.3631873 0.1425129 0.1639817 0.1626142 0.1657844 0.1690222 0.1674256 0.1442689 0.1367158 0.1421914 0.0000000 0.1206092 0.1295629 0.1341539 0.2866471 0.2852848 0.2750731 0.2738113 
C4-H19__LC460471      0.3392586 0.0908082 0.1260037 0.1255963 0.1300836 0.1310759 0.1296981 0.1185599 0.1168339 0.1249442 0.1206092 0.0000000 0.0868865 0.0864652 0.2819673 0.2903548 0.2865961 0.2865861 
C7-H24__MT957400      0.3476020 0.0772855 0.1182981 0.1175643 0.1212501 0.1242630 0.1219971 0.1417900 0.1392665 0.1396295 0.1295629 0.0868865 0.0000000 0.0311727 0.3169990 0.3071612 0.3045769 0.3038741 
C7-H27_Helminthope_sp 0.3514235 0.0744081 0.1197836 0.1190448 0.1229175 0.1252249 0.1226529 0.1459229 0.1412877 0.1511891 0.1341539 0.0864652 0.0311727 0.0000000 0.3145309 0.3131234 0.3108510 0.3104864 
C2-H3__NC_008834      0.3895597 0.3159494 0.3205734 0.3206826 0.3329480 0.3390396 0.3379886 0.2755940 0.2810286 0.2810483 0.2866471 0.2819673 0.3169990 0.3145309 0.0000000 0.2194951 0.2224483 0.2232130 
C1-H2__LC460468       0.3845974 0.3286678 0.3371422 0.3367469 0.3451244 0.3510618 0.3475983 0.2796752 0.2837629 0.2827454 0.2852848 0.2903548 0.3071612 0.3131234 0.2194951 0.0000000 0.0345295 0.0255346 
C1-H1__NC_008151      0.3883823 0.3279509 0.3378315 0.3374351 0.3458221 0.3517669 0.3482987 0.2771994 0.2805798 0.2836510 0.2750731 0.2865961 0.3045769 0.3108510 0.2224483 0.0345295 0.0000000 0.0147438 
C1-H17__LC460470      0.3868739 0.3271300 0.3379865 0.3375905 0.3454259 0.3513583 0.3478975 0.2791289 0.2776712 0.2819791 0.2738113 0.2865861 0.3038741 0.3104864 0.2232130 0.0255346 0.0147438 0.0000000 
